                                                                                  1 11                                                                
                                                                                 11111                                                                
                                                                               11111                 11                                               
                                                                              11111111               1                                                
                                                                         111  11111111011       1111                                                  
                                                                     11111111111111111111       111111111111                                          
                                                                  11111111111111111111111 11 1 11111111111111                                         
                                                                  1111111111111111111111111111111111111111111                                         
1                                              1111111110111111111111111111111111111111111111111111111111111111                                       
111                     11111     1   111100111111111111111111111111111111111111111111111111111111111111111111111111111111111111               1      
  111111111111  11111111111111           111111111111111111111111111111111111111111111111111111111111111111111111111111111 11111111111 1 11111 1111  1
   111111111111111111111111111111111111111111111111111111111111111111111111111111111111111111111111111111111111111111111111111111111111111111111111111
   11111111111111111111111111111111111111111111111111111111111111111111111111111111111111111111111111111111111111111111111111111111111111100000000111 
   11111111111111111111111111111111111111111111111111111111111111111111111111111111111111111111111111111111111111111111111100000000000000010001001    
    000000000000000000000000000000000000000000000000000000000000001111111111111111111111111111111111111111111111111000001111111111111111111111111     
