                                                             1100000000000000000000000011                                                             
                                                          1100011111111111111111111111100011                                                          
                                                       1100011     1111111111111111     1100011                                                       
                                                      1001         0000000000000000         1001                                                      
                                                      101          0000000000000001          101                                                      
                                                      101           11000000000011           101                                                      
                                                      101             1000000001             101                                                      
                                                      101     1111111110000000011111111      101                                                      
                                                      101     10000000000000000000000001     101                                                      
                                                      101     1100000000000000000000001      101                                                      
                                                      101        11000000000000000111        101                                                      
                                                      101  1         110000000011        11  101                                                      
                                                      101  00011      1000000001      11000  101                                                      
                                                      101  0000001    1000000001   10000000  101                                                      
                                                      101  00000001   1000000001   10000000  101                                                      
                                                      101  00000001   1000000001   10000000  101                                                      
                                                      101  00000001   1000000001   10000000  101                                                      
                                                      101  00000001   1000000001   10000000  101                                                      
                                                      101  00000000111100000000111000000000  101                                                      
                                                      101  00000000000000000000000000000000  101                                                      
                                                      101  11000000000000000000000000000011  101                                                      
                                                      100011  1110000000000000000000011   110001                                                      
                                                        11000111  110000000000000011   1100011                                                        
                                                            1100011  11100000011   1100011                                                            
                                                               11000111  1111   1100011                                                               
                              111111   111111   111111    1111111111100011  1100011111     111111        111111111111                                 
                              1000001  100000   000001   1000000000011110000001111000001   000001        10000000000001                               
                              1000001  0000001 1000001  100000111000001  1111111110000001  000001        100000111000001                              
                              1000001 10000001 1000001  100000  1000001  1000001  1000001  000001        100000  1000001                              
                               000001 10000001 1000001  100000  1000001  1000001  1000001  000001        100000  1000001                              
                               100000 10000000 000000   100000  1000001  1000001111000001  000001        100000  1000001                              
                               1000001000000001000001   100000  1000001  100000000000001   000001        100000  1000001                              
                               1000000000000000000001   100000  1000001  10000000000001    000001        100000  1000001                              
                               1000000000010000000001   100000  1000001  10000011000001    000001        100000  1000001                              
                                000000000110000000001   100000  1000001  1000001 1000001   000001        100000  1000001                              
                                1000000001 000000000    100000  1000001  1000001 1000001   000001        100000  1000001                              
                                1000000001 100000001    100000010000001  1000001  000001   000000000001  100000010000001                              
                                1000000001 100000001     1000000000011   1000001  100000   000000000001  10000000000011                               
                                 11111111   1111111         1111111       111111   11111   11111111111   11111111111                                  
11111111111111111111111111111111111111111111111111111111111111111   110001  100001   11111111111111111111111111111111111111111111111111111111111111111
000000000000000000000000000000000000000000000000000000000000000001  1001001 100111  100000000000000000000000000000000000000000000000000000000000000000
000000000000000000000000000000000000000000000000000000000000000001  1001001 100001  100000000000000000000000000000000000000000000000000000000000000000
111111111111111111111111111111111111111111111111111111111111111111  100000  100     111111111111111111111111111111111111111111111111111111111111111111
                                                                     11111  111                                                                       
0000001   10000001    0000001  10000000001     100000000000011      11000000000011    1000001   1000001  1000001  100000000000111       110000000011  
0000001   10000001   1000000  100000000000     10000000000000001   0000000000000001   1000001   1000001  1000001  1000000000000001    1000000000000001
1000001   00000000   1000001  1000000000001    10000001110000001  100000011110000001  1000001   1000001  1000001  10000001110000001   0000000111000000
1000000  1000000001  1000001  1000000000001    1000001   1000001  1000000    0000001  1000001   1000001  1000001  1000000   1000000   0000001  1000000
10000001 1000000001  0000001  1000000000001    1000001   1000001  1000000    111      1000001   1000001  1000001  1000000   1000000   0000001   111   
 0000001 1000000001 10000001  0000000000000    1000001   1000001  1000000011          1000001   1000001  1000001  1000000   1000000   000000011       
 1000001 1000000000 1000000  100000010000001   1000001   1000001   100000000011       1000001   1000001  1000001  1000000   1000000   100000000011    
 10000011000000000011000001  100000010000001   1000001   1000001     1100000000011    1000001   1000001  1000001  1000000   1000000      100000000011 
 10000001000000000010000001  1000000 1000001   10000001110000001        11000000000   10000001110000001  1000001  10000001110000001        11000000001
 10000000000000000000000001  1000001 1000001   10000000000000001           110000001  10000000000000001  1000001  1000000000000001            11000000
  000000000000000000000000   0000001 1000000   100000000000001       1111    0000001  10000000000000001  1000001  100000000000111       11111  1000000
  100000000000000000000001  10000000000000001  1000001 1000001    1000001    0000001  1000001   1000001  1000001  10000001            0000001  1000000
  100000000001100000000001  10000000000000001  1000001 1000000    1000001    0000001  1000001   1000001  1000001  10000001            0000001  1000000
  100000000001100000000001  10000001110000001  1000001  0000001   1000001    0000001  1000001   1000001  1000001  10000001            0000001  1000000
  100000000001100000000001  0000001   1000000  1000001  1000001   1000001    0000001  1000001   1000001  1000001  10000001            0000001111000000
   0000000000  0000000000   0000001   1000000  1000001  1000001   1000001    0000001  1000001   1000001  1000001  10000001            0000000000000001
   1000000000  1000000001  10000001    0000001 1000001  1000000   1000001    0000001  1000001   1000001  1000001  10000001            10000000000011  
       111111  1000000001  1000000     1000001 1000001  10000001  1000001    0000001  1000001   1000001  1000001  10000001              1111111       
000111111        11111101  1000001     1000001 1000001   0000001  1000001    0000001  1000001   1000001  1000001  1000000                    111111000
0000000000000111111        1111101     1000000 1000001   1000001  1000001    0000001  1000001   1000001  1000001  1001111          1111110000000000000
1000000000000000000000111111            11000011000001   1000001  1000001    0000001  1000001   1000001  1001111          1111110000000000000000000001
    1111110000000000000000000000111111         1111001   1000000  100000011110000001  1000001   1001111         1111110000000000000000000000111111    
             1111111000000000000000000000111111           1110001  0000000000000001   1001111         11111110000000000000000000001111111             
                       1111110000000000000000000000111111           11000000000011           1111110000000000000000000000111111                       
                                 1111110000000000000000000001111111                1111110000000000000000000000111111                                 
                                          111111000000000000000000000011111111110000000000000000000000111111                                          
                                                    1111110000000000000000000000000000000000111111                                                    
                                                             1111110000000000000001111111                                                             
                                                                      1110001111                                                                      
